Time ms
0 3.8361476751
1 3.4481047167
2 3.4184687044
3 4.2609614708
4 3.8409216874
5 4.0462554675
6 3.9658561705
7 4.3270580542
8 4.1003258331
9 3.7621052131
10 3.6471004344
11 3.8330875316
12 3.9661652845
13 3.4574977337
14 3.9258408987
15 3.5483144054
16 3.6895866072
17 3.8274875771
18 18.691986465
19 14.07517119
20 14.667612889
21 12.800874473
22 12.329987945
23 12.11077322
24 12.422887085
25 13.918803258
26 11.613197104
27 13.297259635
28 12.585994531
29 13.37525118
30 12.373363536
31 10.717677916
32 11.168358573
33 12.196361479
34 11.860965784
35 11.941349866
36 11.744812016
37 11.576612304
38 11.205625554
39 11.171628093
40 10.317641404
41 10.255013726
42 9.4922374609
43 10.652157372
44 9.8668820691
45 9.67425366
46 10.71007808
47 10.505920448
48 10.924854593
49 11.541954111
50 9.7750531229
51 9.8635731625
52 10.599123073
53 9.1536007967
54 9.495067632
55 10.272663416
56 9.6046957
57 9.675852362
58 8.7653729
59 9.7937067107
60 8.8217772928
61 9.2711004162
62 9.3538971045
63 9.133940154
64 9.039947839
65 8.7189192043
66 9.0241982593
67 9.0190993588
68 8.5330295527
69 8.768685002
70 8.7546907763
71 8.407882186
72 9.3559858078
73 9.3447810051
74 9.045463507
75 9.0625399174
76 9.5064689151
77 9.2955388856
78 8.5644975354
79 8.9626237054
80 8.0035209909
81 8.4410578355
82 7.8671038727
83 9.1462284804
84 8.4827854451
85 7.8908622945
86 7.9177457959
87 7.5778349302
88 7.7756392503
89 7.0256952884
90 8.064543702
91 7.7377894183
92 6.9084969786
93 6.6461174549
94 7.2378532235
95 6.9446327204
96 6.7586961212
97 8.0416623249
98 7.8045693473
99 7.736328718
100 10.832704509
101 8.4250163491
102 7.4251284328
103 8.1876514005
104 7.3880891037
105 8.3548871051
106 7.3723795579
107 7.3362096428
108 7.2095829767
109 7.1430686677
110 7.3966874903
111 7.3608201749
112 7.5946365434
113 7.7344751691
114 7.03053473
115 6.4253213533
116 7.1760730116
117 6.8791582782
118 6.8772173776
119 7.4519735581
120 6.3797299136
121 6.6237874421
122 6.8988017597
123 6.8150362534
124 6.6123711948
125 6.3968712738
126 6.5942652749
127 6.2921760341
128 6.5085213025
129 6.5928179919
130 6.848045882
131 6.3451744321
132 6.3029247652
133 6.5477568004
134 6.596011843
135 6.3023716349
136 7.0485569361
137 6.8190811684
138 6.707417807
139 7.0640088013
140 6.5622949098
141 6.4063927531
142 6.8900405087
143 7.3476359271
144 7.043373765
145 7.1490768588
146 6.4929122945
147 6.5131776607
148 6.6794788102
149 6.3131616126
150 6.1994623666
151 6.6781573685
152 6.3046402436
153 6.0004557942
154 6.4688190768
155 6.3899612781
156 6.3096188001
157 6.3043971657
158 6.194896094
159 6.233045406
160 6.0142184476
161 5.8856209608
162 5.9139146349
163 5.7678262635
164 6.2601347645
165 6.4355766477
166 6.0666818183
167 5.9231360106
168 5.9296684676
169 5.666814236
170 6.1027820549
171 5.4958487208
172 5.8002857659
173 5.8100292387
174 7.2538353133
175 6.3549833125
176 5.9679414654
177 5.6665142035
178 6.1051664733
179 5.7724795783
180 5.8562199772
181 5.6916620161
182 5.6854604581
183 5.1216130648
184 5.3601265772
185 5.5883037037
186 5.3858595461
187 5.3131467285
188 5.4054103241
189 5.7220657485
190 5.4117528171
191 5.3757874189
192 5.4717943778
193 5.6727670443
194 5.5933607972
195 5.7307797962
196 5.5233196157
197 6.040343226
198 5.9988131933
199 5.3558309026
200 6.0440919115
201 5.5988855954
202 5.7731274052
203 5.4214502452
204 6.1037227135
205 5.6007828186
206 5.9917751199
207 5.6849542719
208 5.4996023262
209 5.6963937804
210 5.9838632035
211 5.8578160207
212 5.5922575468
213 5.6016427375
214 5.6519253604
215 5.5084579293
216 5.7345958039
217 5.7629904188
218 5.7194785955
219 5.4702460023
220 5.3702783072
221 5.2393858185
222 5.2913968085
223 5.7405935397
224 5.2629344196
225 5.0738279292
226 5.3721567047
227 5.290315533
228 5.2364783416
229 5.1942404904
230 5.3640655218
231 5.0538423073
232 5.0971001556
233 4.8340750576
234 4.9437058221
235 5.1194163051
236 5.1107117069
237 4.9000173996
238 5.1154658773
239 4.6435839344
240 5.0933022741
241 4.7866288425
242 4.7392267311
243 4.5786025627
244 4.6869956926
245 5.1398155496
246 5.6730190737
247 5.5376893732
248 6.4498250054
249 5.8439201233
250 5.6166302273
251 6.0954830138
252 5.403183137
253 6.1900499008
254 5.9731186204
255 5.9009059493
256 6.0386465621
257 5.6846929879
258 5.4277589392
259 5.9791943907
260 5.4861629122
261 5.4121686177
262 7.467888981
263 5.8358969431
264 5.9547173897
265 5.9983477525
266 6.5760742027
267 5.7775594779
268 6.666839351
269 5.6822386421
270 6.7391572851
271 5.7419808258
272 5.7420979802
273 5.7636617871
274 5.8460263937
275 5.1994873497
276 5.4029594613
277 5.8380952392
278 6.1898464684
279 5.3919460817
280 5.1814164533
281 6.5708798893
282 5.9935417201
283 6.9419269145
284 5.4425156339
285 5.2279059107
286 5.1911190499
287 6.0647717548
288 5.9659562072
289 5.3827710323
290 4.8478841546
291 5.5861757123
292 4.567060497
293 5.6727133097
294 5.1054089299
295 5.1070131725
296 4.8299455321
297 4.7294929666
298 5.0444050802
299 4.7168646595
300 4.8162866953
301 5.3716057
302 4.7265090685
303 5.2404306904
304 4.5645707408
305 4.5539337602
306 4.2243254709
307 4.6628066891
308 4.7574470468
309 4.7610728295
310 4.2515618939
311 4.1661955087
312 4.1927256364
313 4.4916357484
314 4.5509447734
315 4.8421012516
316 4.2431876059
317 4.3978157839
318 3.7878036044
319 4.7862345994
320 3.9612600928
321 4.050972158
322 4.4681953935
323 4.3255501066
324 4.3453999179
325 4.114152843
326 4.4449140993
327 4.1844747099
328 3.6759498291
329 3.9180081869
330 3.5877492016
331 3.7732160364
332 3.9103799477
333 4.1483632982
334 4.8301946148
335 4.2057200006
336 4.0750868731
337 4.6768436288
338 4.4571616343
339 4.8777794569
340 4.5539369166
341 3.3721331536
342 3.82793702
343 3.2636492552
344 3.1792153464
345 4.1344055147
346 4.5072969425
347 4.0798888475
348 4.1630567467
349 3.5688255157
350 3.7331032062
351 3.2801494647
352 3.471767173
353 3.5932815807
354 3.3085807764
355 4.0134883322
356 3.4534310635
357 2.741756457
358 3.501881323
359 3.3521684983
360 3.3422962453
361 3.150907764
362 3.3454121976
363 3.389288381
364 3.8588521418
365 4.6135139806
366 4.5609382985
