Size	Values
8	6997193
16	3373613
24	2586816
32	2142200
40	1845043
48	1624554
56	1457764
64	1322333
72	1215292
80	1121679
88	1040957
96	972310
104	911349
112	858598
120	811111
128	768978
136	732423
144	696848
152	667083
160	636198
168	609847
176	584844
184	561501
192	540545
200	520161
208	502113
216	486087
224	469392
232	455431
240	441077
248	427120
256	412745
264	403609
272	391075
280	380537
288	370990
296	361661
304	350805
312	342316
320	334160
328	325849
336	318652
344	312713
352	304574
360	297583
368	290651
376	285824
384	279422
392	273454
400	38586180
