128	36928018
256	8406844
384	4841265
512	3425671
640	2631957
768	2131799
896	1786789
1024	1535678
1152	1348302
1280	1198443
1408	1083185
1536	987418
1664	908236
1792	840114
1920	784870
2048	734517
2176	692267
2304	654920
2432	621421
2560	590138
2688	563834
2816	539624
2944	516699
3072	498838
3200	477169
3328	460632
3456	443851
3584	430241
3712	415314
3840	402924
3968	390243
4096	379697
4224	368285
4352	359381
4480	348868
4608	340986
4736	331362
4864	322471
4992	313571
5120	307543
5248	300881
5376	293760
5504	286671
5632	279592
5760	275027
5888	268205
6016	262744
6144	258030
6272	252727
6400	248068
6528	242933
6656	238170
6784	233992
6912	229104
7040	224295
7168	221112
7296	215622
7424	212542
7552	209041
7680	205045
7808	201193
7936	197505
8064	194852
8192	191056
8320	187575
8448	184066
8576	181988
8704	178971
8832	175135
8960	172050
9088	170065
9216	166708
9344	164694
9472	160998
9600	159408
9728	156045
9856	154705
9984	151466
10112	148725
10240	147351
10368	144830
10496	142462
10624	140391
10752	138030
10880	135779
11008	134116
11136	131834
11264	129975
11392	128274
11520	126102
11648	124077
11776	121601
11904	120444
12032	118624
12160	116676
12288	114811
12416	113897
12544	111918
12672	110353
12800	108905
12928	108163
13056	106382
13184	105561
13312	104491
13440	102899
13568	101513
13696	99849
13824	98564
13952	97640
14080	95480
14208	95195
14336	93799
14464	92336
14592	91046
14720	89505
14848	88629
14976	87119
15104	86416
15232	85151
15360	84221
15488	82570
15616	81702
15744	80811
15872	79660
16000	78193
16128	77390
16256	76046
16384	75179
16512	74569
16640	73115
16768	72227
16896	71849
17024	70693
17152	69800
17280	68685
17408	67914
17536	66554
17664	66465
17792	65638
17920	64131
18048	63584
18176	62899
18304	62464
18432	61283
18560	60805
18688	59602
18816	58957
18944	58305
19072	57668
19200	56942
19328	56007
19456	55499
19584	54329
19712	54354
19840	53490
19968	52509
20096	52207
20224	51916
20352	50505
20480	50239
20608	50080
20736	49148
20864	48369
20992	47968
21120	47220
21248	46692
21376	46186
21504	45808
21632	45043
21760	44605
21888	44130
22016	43455
22144	43022
22272	42492
22400	42246
22528	41373
22656	41193
22784	40663
22912	40289
23040	39279
23168	39433
23296	38947
23424	38646
23552	37828
23680	37535
23808	36887
23936	36725
24064	36093
24192	35894
24320	35412
24448	34926
24576	35009
24704	34461
24832	33793
24960	33465
25088	33172
25216	33062
25344	32381
25472	32122
25600	31502
25728	31620
25856	30870
25984	30603
26112	30256
26240	30057
26368	29862
26496	29248
26624	28989
26752	28861
26880	28794
27008	28328
27136	28122
27264	27616
27392	27577
27520	27415
27648	26854
27776	26587
27904	26144
28032	26261
28160	25903
28288	25657
28416	25437
28544	24779
28672	24752
28800	24585
28928	24216
29056	23899
29184	23965
29312	23318
29440	23372
29568	23180
29696	23069
29824	22853
29952	22302
30080	22117
30208	22134
30336	21880
30464	21597
30592	21391
30720	20976
30848	20845
30976	20842
31104	20665
31232	20189
31360	20230
31488	19880
31616	19891
31744	19481
31872	19400
32000	19045
32128	19057
32256	18932
32384	18565
32512	18510
32640	18237
32768	18002
32896	18107
33024	17702
33152	17683
33280	17456
33408	17438
33536	17131
33664	17059
33792	16931
33920	16798
34048	16535
34176	16363
34304	16157
34432	15922
34560	15830
34688	15966
34816	15753
34944	15503
35072	15218
35200	15124
35328	15135
35456	15132
35584	14891
35712	14427
35840	14385
35968	14427
36096	14207
36224	14108
36352	14110
36480	14011
36608	13521
36736	13391
36864	13565
36992	13420
37120	13325
37248	13133
37376	12865
37504	12736
37632	12694
37760	12598
37888	12541
38016	12252
38144	12221
38272	12087
38400	12106
38528	11964
38656	12030
38784	11556
38912	11723
39040	11465
39168	11463
39296	11219
39424	11360
39552	11163
39680	11236
39808	11027
39936	10998
40064	10727
40192	10900
40320	10555
40448	10600
40576	10477
40704	10334
40832	10330
40960	10074
41088	10056
41216	10144
41344	9924
41472	9933
41600	9856
41728	9698
41856	9743
41984	9535
42112	9454
42240	9255
42368	9187
42496	9416
42624	9056
42752	9215
42880	8988
43008	8920
43136	8894
43264	8846
43392	8698
43520	8535
43648	8659
43776	8535
43904	8509
44032	8476
44160	8537
44288	8156
44416	8198
44544	8258
44672	8017
44800	8075
44928	8058
45056	7776
45184	7834
45312	7746
45440	7700
45568	7702
45696	7558
45824	7494
45952	7363
46080	7451
46208	7511
46336	7452
46464	7432
46592	7257
46720	7229
46848	7083
46976	7030
47104	6955
47232	6813
47360	6779
47488	6736
47616	6778
47744	6644
47872	6747
48000	6786
48128	6580
48256	6517
48384	6385
48512	6409
48640	6411
48768	6566
48896	6212
49024	6303
49152	6196
49280	6210
49408	6040
49536	6001
49664	5958
49792	5934
49920	5790
50048	5944
50176	5872
50304	5617
50432	5771
50560	5727
50688	5739
50816	5594
50944	5577
51072	5382
51200	5561
51328	5371
51456	5324
51584	5319
51712	5228
51840	5182
51968	5100
52096	5094
52224	5086
52352	5022
52480	5017
52608	5048
52736	5057
52864	4951
52992	4915
53120	4794
53248	4853
53376	4754
53504	4838
53632	4690
53760	4853
53888	4735
54016	4693
54144	4744
54272	4511
54400	4548
54528	4520
54656	4454
54784	4418
54912	4484
55040	4420
55168	4369
55296	4351
55424	4390
55552	4325
55680	4242
55808	4245
55936	4213
56064	4124
56192	4176
56320	4014
56448	4100
56576	4067
56704	4080
56832	3949
56960	3980
57088	4057
57216	3898
57344	3895
57472	3883
57600	3852
57728	3754
57856	3702
57984	3826
58112	3653
58240	3617
58368	3566
58496	3717
58624	3648
58752	3593
58880	3501
59008	3520
59136	3457
59264	3609
59392	3541
59520	3554
59648	3490
59776	3429
59904	3476
60032	3437
60160	3363
60288	3356
60416	3300
60544	3267
60672	3218
60800	3303
60928	3223
61056	3268
61184	3140
61312	3125
61440	3132
61568	3062
61696	3143
61824	3044
61952	2989
62080	3008
62208	2938
62336	3031
62464	2921
62592	3000
62720	2943
62848	2834
62976	2873
63104	2875
63232	2822
63360	2783
63488	2773
63616	2705
63744	2691
63872	2766
64000	2650
64128	2702
64256	2703
64384	2500
64512	2611
64640	2630
64768	2609
64896	2590
65024	2555
65152	2591
65280	2620
65408	2576
65536	2501
65664	2630
65792	3184
65920	2542
66048	2641
66176	2547
66304	2514
66432	2609
66560	2540
66688	2600
66816	2677
66944	2602
67072	2465
67200	2421
67328	2583
67456	2537
67584	2518
67712	2556
67840	2497
67968	2460
68096	2522
68224	2497
68352	2408
68480	2482
68608	2425
68736	2323
68864	2508
68992	2443
69120	2387
69248	2330
69376	2299
69504	2344
69632	2383
69760	2276
69888	2289
70016	2270
70144	2330
70272	2332
70400	2286
70528	2307
70656	2222
70784	2216
70912	2258
71040	2262
71168	2246
71296	2175
71424	2210
71552	2162
71680	2085
71808	2152
71936	2077
72064	2117
72192	2153
72320	2079
72448	2067
72576	2024
72704	2066
72832	2042
72960	2080
73088	2082
73216	2078
73344	2053
73472	2029
73600	2014
73728	2012
73856	1949
73984	1988
74112	1909
74240	1873
74368	1933
74496	1859
74624	1910
74752	1912
74880	1787
75008	1888
75136	1864
75264	1970
75392	1829
75520	1799
75648	1867
75776	1799
75904	1816
76032	1709
76160	1752
76288	1761
76416	1785
76544	1709
76672	1699
76800	1706
76928	1729
77056	1719
77184	1702
77312	1752
77440	1695
77568	1690
77696	1650
77824	1637
77952	1680
78080	1634
78208	1704
78336	1678
78464	1583
78592	1602
78720	1642
78848	1569
78976	1569
79104	1523
79232	1537
79360	1540
79488	1455
79616	1529
79744	1575
79872	1601
80000	1527
80128	1487
80256	1466
80384	1486
80512	1464
80640	1407
80768	1487
80896	1496
81024	1430
81152	1441
81280	1492
81408	1396
81536	1370
81664	1357
81792	1358
81920	1499
82048	1391
82176	1360
82304	1345
82432	1366
82560	1381
82688	1361
82816	1372
82944	1286
83072	1327
83200	1338
83328	1369
83456	1378
83584	1396
83712	1313
83840	1295
83968	1295
84096	1306
84224	1282
84352	1244
84480	1276
84608	1242
84736	1200
84864	1264
84992	1288
85120	1167
85248	1226
85376	1244
85504	1251
85632	1177
85760	1181
85888	1197
86016	1192
86144	1237
86272	1116
86400	1196
86528	1183
86656	1073
86784	1148
86912	1168
87040	1115
87168	1175
87296	1111
87424	1087
87552	1141
87680	1113
87808	1069
87936	1072
88064	1097
88192	1087
88320	1080
88448	1058
88576	1105
88704	1039
88832	1034
88960	1046
89088	1044
89216	1002
89344	1068
89472	1046
89600	987
89728	1057
89856	971
89984	977
90112	988
90240	981
90368	986
90496	1010
90624	955
90752	975
90880	977
91008	904
91136	973
91264	1014
91392	927
91520	908
91648	868
91776	893
91904	988
92032	934
92160	944
92288	950
92416	949
92544	908
92672	946
92800	912
92928	894
93056	850
93184	878
93312	915
93440	902
93568	828
93696	854
93824	924
93952	881
94080	839
94208	784
94336	846
94464	838
94592	838
94720	818
94848	830
94976	850
95104	864
95232	845
95360	803
95488	789
95616	824
95744	831
95872	811
96000	790
96128	806
96256	787
96384	757
96512	840
96640	744
96768	783
96896	785
97024	733
97152	769
97280	780
97408	767
97536	746
97664	733
97792	752
97920	773
98048	730
98176	758
98304	756
98432	770
98560	731
98688	769
98816	742
98944	753
99072	697
99200	699
99328	721
99456	738
99584	742
99712	693
99840	645
99968	714
100096	729
100224	672
100352	736
100480	683
100608	694
100736	672
100864	687
100992	679
101120	684
101248	648
101376	681
101504	625
101632	682
101760	664
101888	635
102016	669
102144	618
102272	653
102400	630
102528	623
102656	624
102784	653
102912	637
103040	643
103168	613
103296	566
103424	629
103552	648
103680	590
103808	583
103936	637
104064	617
104192	574
104320	615
104448	571
104576	593
104704	603
104832	550
104960	554
105088	571
105216	551
105344	580
105472	537
105600	612
105728	598
105856	541
105984	596
106112	547
106240	559
106368	593
106496	578
106624	553
106752	530
106880	516
107008	532
107136	593
107264	571
107392	516
107520	559
107648	548
107776	524
107904	559
108032	518
108160	530
108288	512
108416	505
108544	533
108672	513
108800	494
108928	566
109056	486
109184	474
109312	507
109440	493
109568	515
109696	497
109824	520
109952	562
110080	462
110208	504
110336	498
110464	480
110592	482
110720	502
110848	474
110976	448
111104	490
111232	514
111360	490
111488	494
111616	464
111744	442
111872	464
112000	465
112128	467
112256	453
112384	492
112512	444
112640	432
112768	459
112896	426
113024	483
113152	443
113280	427
113408	429
113536	461
113664	449
113792	416
113920	428
114048	467
114176	458
114304	427
114432	419
114560	444
114688	431
114816	412
114944	423
115072	376
115200	438
115328	387
115456	404
115584	418
115712	394
115840	361
115968	403
116096	395
116224	413
116352	409
116480	390
116608	401
116736	408
116864	404
116992	358
117120	376
117248	407
117376	340
117504	379
117632	411
117760	368
117888	419
118016	368
118144	420
118272	351
118400	398
118528	389
118656	352
118784	379
118912	349
119040	355
119168	375
119296	348
119424	370
119552	349
119680	351
119808	347
119936	366
120064	392
120192	344
120320	366
120448	332
120576	370
120704	389
120832	312
120960	352
121088	354
121216	343
121344	326
121472	328
121600	345
121728	328
121856	352
121984	344
122112	342
122240	332
122368	354
122496	330
122624	323
122752	310
122880	305
123008	318
123136	331
123264	332
123392	359
123520	316
123648	293
123776	355
123904	318
124032	316
124160	310
124288	329
124416	327
124544	322
124672	325
124800	318
124928	310
125056	295
125184	305
125312	337
125440	283
125568	278
125696	323
125824	316
125952	307
126080	313
126208	276
126336	321
126464	316
126592	299
126720	317
126848	300
126976	292
127104	278
127232	271
127360	295
127488	297
127616	285
127744	284
127872	293
128000	303
