43 0.047181947101
44 0.05526914714
45 0.048641916207
46 0.050980447297
47 0.048214475994
48 0.048526034475
49 0.048102708095
50 0.046150998537
51 0.04841688498
52 0.046723561317
53 0.048886935741
54 0.047140657405
55 5.4979415942
56 7.3582607651
57 6.0258097948
58 4.9837888272
59 5.2576480272
60 5.0048046813
61 4.7206001686
62 4.2767216141
63 3.9659535834
64 4.1424640481
65 3.7603934107
66 3.9091121305
67 3.8870153856
68 3.9487816063
69 4.1840126226
70 3.2743602076
71 3.0983404447
72 2.8690605672
73 2.9932706322
74 2.868677859
75 2.9969049759
76 2.5219300297
77 3.0774726634
78 2.4575437644
79 2.5553644342
80 2.5436407681
81 2.6266056206
82 3.8374731789
83 4.2744821598
84 4.0739435843
85 3.8578947165
86 4.0445977509
87 3.8044117692
88 3.5622802052
89 4.0029037331
90 3.4774076824
91 4.0148740606
92 3.341717274
93 3.3763752387
94 3.5911167407
95 3.1777510816
96 3.044112444
97 2.6010036431
98 3.0408243568
99 2.9344070273
100 2.1678219829
101 2.1896784133
102 2.4464167414
103 2.0998203618
104 2.2555496102
105 2.1088726003
106 2.0365275704
107 2.0341456585
108 1.8441149387
109 1.8562207
110 2.0356666635
111 1.783730702
112 2.587679875
113 2.0836250234
114 2.3722691738
115 2.55485588
116 2.3143790505
117 2.9526338156
118 1.9928864487
119 2.6680801408
120 2.441700015
121 2.2973336569
122 1.8095766719
123 1.7223664565
124 1.6937995921
125 1.6202269711
126 1.5364205355
127 1.5046744515
128 1.4785111035
129 1.5284509219
130 1.4195578745
131 1.3560838479
132 1.2903114046
133 1.1687836816
134 1.1542502121
135 1.166499916
136 1.0342693386
137 0.96945044763
138 0.78947528295
139 0.85390144089
140 0.84324646493
141 0.89182402732
142 0.71399379997
143 0.65744196668
144 0.69437633665
145 0.65437905496
146 0.52662121812
147 0.55928780118
148 0.63215289178
149 0.65258053729
150 0.55904719654
151 0.49413605389
152 0.51374233622
153 0.61484830229
154 0.82315897202
155 0.76754379729
156 0.71682807954
157 0.80294387272
158 0.7876426152
159 0.8691361426
160 0.79042983129
161 0.77882178325
162 0.73917099435
163 0.75637117882
164 0.75112997462
165 0.76450935722
166 0.66781989289
167 0.73529418484
168 0.68667776915
169 0.68373936007
170 0.65504565927
171 0.60380949819
172 0.57141094404
173 0.63255990646
174 0.60856890683
175 0.59731447541
176 0.55388680039
177 0.53164939268
178 0.52154153484
179 0.40324205174
180 0.42670013268
181 0.37782403117
182 0.37219736208
183 0.33939007541
184 0.39590353692
185 0.43938215214
186 0.3769181824
187 0.3631564145
188 0.37686732392
189 0.37984100531
190 0.48532573777
191 0.48997607327
192 0.49641916733
193 0.49669764361
194 0.50671952837
195 0.48023176492
196 0.48703972907
197 0.5131468634
198 0.44175748475
199 0.42227497376
200 0.41566162536
201 0.39276061819
202 0.41935982053
203 0.40161645445
204 0.37588508256
205 0.35510342459
206 0.3097167469
207 0.33878416528
208 0.33364028218
209 0.30360853127
210 0.30984993311
211 0.28533100474
212 0.29363943687
213 0.26843787254
214 0.26665539947
215 0.28262119033
216 0.25199985172
217 0.28515593316
218 0.22186219096
219 0.21417040498
220 0.2114703667
221 0.22269389708
222 0.2015858689
223 0.20861761091
224 0.22867345773
225 0.20433240577
226 0.2470803897
227 0.23147204658
228 0.23318338527
229 0.22644801532
230 0.26308016761
231 0.21294594205
232 0.22647096631
233 0.19704383096
234 0.23538419015
235 0.2276580743
236 0.23040491331
237 0.21235806554
238 0.18611424326
239 0.20273300553
240 0.20056165998
241 0.16989230175
242 0.18761165248
243 0.20309467334
244 0.20671327924
245 0.16875044217
246 0.18391599771
247 0.1719676365
248 0.13840529726
249 0.12902965474
250 0.15851828331
251 0.14720997078
252 0.1283610857
253 0.1320728104
254 0.12695670725
255 0.13555994967
256 0.12304223987
257 0.11344103546
258 0.10294965999
259 0.10220584593
260 0.10314600174
261 0.11441503376
262 0.14124238989
263 0.14169013464
264 0.13611993186
265 0.15324444352
266 0.14877912233
267 0.15710174421
268 0.14243557152
269 0.13327507933
270 0.12830739906
271 0.12656751081
272 0.12059272033
273 0.13119954697
274 0.12533526976
275 0.11813274836
276 0.1122507548
277 0.11857446902
278 0.11788064223
279 0.1183784777
280 0.10198038485
281 0.13042103666
282 0.12010773123
283 0.10949352928
284 0.087359945101
285 0.084854216197
286 0.094791173118
287 0.10436701872
288 0.090017810647
289 0.082818701223
290 0.085855327075
291 0.086536460363
292 0.075212661266
293 0.093044733705
294 0.094836971493
295 0.083058786566
296 0.079910008787
297 0.12272372905
298 0.12228888473
299 0.10616668082
300 0.12784088124
301 0.098383479069
302 0.12263120478
303 0.11406865541
304 0.11195057814
305 0.1104523052
306 0.13262725849
307 0.093138116517
308 0.17494861155
309 0.13231643226
310 0.097122336039
311 0.092615886709
312 0.12428353437
313 0.085941044871
314 0.085502147094
315 0.083845793417
316 0.071740136178
317 0.084477472048
318 0.099341109249
319 0.083568938221
320 0.088318294456
321 0.079145482765
322 0.083359300004
323 0.085025319307
324 0.073227274711
325 0.05648712217
326 0.085445627989
327 0.055190060426
328 0.19286194946
329 0.074762222855
330 0.063617987625
331 0.052553090921
