Minutes	Interpolation	Binary	MySQL
1	1.59619125	2.2523523	23.71344286
2	1.42767225	2.124125	26.80017143
3	1.418942875	1.934523	25.80528571
4	1.395266125	1.9852352	26.62597143
5	1.362723125	1.72352	28.65452857
6	1.351382125	1.623626	29.57461429
7	1.34962525	1.531241	30.14848571
8	1.338705125	1.497347	30.23562857
9	1.326432375	1.4426346	30.1139
10	1.3129385	1.4235235	30.32812857
11	1.307565875	1.402352	31.06355714
12	1.298335125	1.385235	31.8413
13	1.289377625	1.3253252	32.54982857
14	1.27534475	1.300124124	32.94364286
15	1.27566425	1.124124	32.93435714
16	1.2745685	0.9623512	32.89621429
17	1.268760875	0.953236	33.18641429
18	1.26438825	0.94236236	33.4892
19	1.26230975	0.92412512	33.42858571
20	1.260547875	0.861251	33.22934286
21	1.25498875	0.8125151	32.904
22	1.253157125	0.783523	32.55224286
23	1.24166125	0.78523523	32.2058
24	1.2102235	0.7723523	31.95145714
25	1.18214124	0.7352352	32.08774286
26	1.1812424	0.71241124	32.07705714
27	1.1802124	0.623523	32.03844286
28	1.1692423	0.6952352	31.882
29	1.1512523	0.6124124	31.7127
30	1.13235235	0.5523523	31.53962857
31	1.1312412	0.532352	31.60397143
32	1.095235	0.4823523	31.84995714
33	1.063623	0.4723523	31.7869
34	1.062323	0.46235235	31.60017143
35	1.0452533	0.4235235	31.35635714
36	1.03235235	0.4123623	31.10012857
37	1.02412412	0.3923523	29.47868571
38	1.01241241	0.37235236	29.47868571
39	0.995235	0.36236236	29.47868571
40	0.99124124	0.36125135	29.8098
41	0.9812412	0.360235235	29.16718571
42	0.8923523	0.36012412	28.64884286
43	0.8912412	0.35723523	28.00441429
44	0.862352352	0.356236236	27.69648571
45	0.812124124	0.35523623	27.69817143
46	0.768035813	0.354923623	27.6648
47	0.676110875	0.354823523	27.58255714
48	0.628345375	0.35323623	26.35692857
49	0.5867815	0.353212412	26.16771429
50	0.57417425	0.352523523	25.94798571
51	0.564473625	0.35125125	25.73547143
52	0.540435438	0.35235235	24.36008571
53	0.5330895	0.354643634	24.34348571
54	0.523663375	0.352526344	24.32992857
55	0.518975281	0.349938031	24.31835714
56	0.511987688	0.350869688	24.251325
57	0.505416938	0.3534734	23.80961429
58	0.498454688	0.349468781	23.76455714
59	0.493286344	0.35124675	23.72665714
60	0.490396156	0.350235531	23.6755
61	0.485504219	0.349092625	23.64144286
62	0.485181406	0.352362346	23.423523
63	0.483425406	0.345366688	21.92352
64	0.479526656	0.344167719	21.335235
65	0.477879125	0.343976688	21.62352
66	0.473491375	0.343336969	20.3252
67	0.469431031	0.3546346	21.23523
68	0.466330188	0.342006406	20.543646
69	0.465041156	0.342229406	20.623523
70	0.463218594	0.340766094	20.2235235
71	0.46229225	0.341651125	19.62356235
72	0.459239719	0.342353281	19.6325235
73	0.4323523	0.3423623	19.352352
74	0.401361594	0.304905156	19.42523523
75	0.407564844	0.315535094	19.423523
76	0.394994563	0.318855125	19.263462
77	0.386415281	0.31589275	18.734623
78	0.391353969	0.3023523	18.5236235
79	0.387400438	0.325236523	18.892352
80	0.38548575	0.31532352	17.5923523
81	0.388993281	0.30236235	17.723523
82	0.39175625	0.30323523	17.111122
83	0.3723523	0.31623623	17.023523
84	0.3623523	0.30235235	16.723523
85	0.39175625	0.315235235	16.5236235
86	0.3723523	0.301235235	16.123623
87	0.3623523	0.312235235	15.9235235
88	0.3523623	0.30235235	15.663623
89	0.342362362	0.301242352	15.3263346
90	0.3235235	0.2923623	15.0002352
91	0.312513512	0.2912512	15.1241251
92	0.302362362	0.290235235	14.823623
93	0.301251235	0.3125125	14.666666
94	0.30234634	0.299992819	13.9823623
95	0.30323523	0.300469057	13.7823523
96	0.3156346	0.3142235	13.534734
97	0.307325	0.301421531	13.22436236
98	0.313253235	0.300945294	12.78235235
99	0.316129949	0.3032523	12.2236346
100	0.318720305	0.31241252	12.623523
101	0.321310661	0.3023523	12.523623
102	0.317125	0.30982352	12.582352
103	0.3012235	0.30872352	12.4235213
104	0.3123523	0.30782352	12.3754734
105	0.30235235	0.31252352	12.2264346
106	0.3182352	0.3092523	12.0324634
107	0.3023236	0.30623523	12.000235
108	0.30563814	0.303253252	11.9923523
109	0.304696087	0.301252352	11.346346
110	0.303754034	0.30423523	11.623523
111	0.302811981	0.312453523	11.92352
112	0.301869929	0.3023585	11.73463
113	0.300927876	0.30453965	11.11125235
114	0.299985823	0.304280263	10.9935
115	0.29904377	0.304020876	10.888888
116	0.298101717	0.303761489	10.425233
117	0.2992352	0.303502102	10.124121
118	0.30125125	0.303242715	9.932352
119	0.30534346	0.302983328	9.923534
120	0.3123523	0.302723941	9.87343
121	0.3023523	0.3125235	9.81235235
122	0.309307477	0.3023523	9.79235235
123	0.311041002	0.3042352	9.23523
124	0.312774527	0.30563463	8.923523
125	0.314508052	0.3023523	8.734634
126	0.316241577	0.315235	8.4436463
127	0.317975102	0.3106236	8.1242102
128	0.31623523	0.3098346	8.023523
129	0.31523235	0.29236236	7.8523523
130	0.30235235	0.29889235	7.3463463
131	0.3152352	0.30235235	6.883523
132	0.311230655	0.31212412	6.6234623
133	0.3106554	0.32235235	6.4364634
134	0.310080146	0.325235	6.13223523
135	0.309504892	0.32136235	5.723523
136	0.308929638	0.3202352	5.434634634
137	0.308354384	0.31236235	5.2352352
138	0.3210523	0.30235235	5.123523
139	0.322532	0.31326235	5.023523
140	0.3132523	0.30235235	4.935235
141	0.3023523	0.3034734	4.235346
142	0.307567407	0.34347346	4.023523
143	0.30558699	0.323236	3.634634
144	0.303606573	0.33624246	3.5236236
145	0.301626156	0.3262362	3.8346346
146	0.29964574	0.316263463	3.2234634
147	0.297665323	0.325473473	3.125352
148	0.3012	0.31326362	3.103634
149	0.32523	0.31247246	3.023646
150	0.312423	0.309583646	3.000043634
151	0.3023523	0.306530914	2.9723623
152	0.313523	0.27236236	2.9635235
153	0.32346347	0.2826236	2.92352325
154	0.32845	0.316243623	2.8888823
155	0.321436346	0.30263236	2.7235235
156	0.31325352	0.294620186	2.67992352
157	0.30235235	0.29318777	2.67326232
158	0.308346	0.291755353	2.6236346
159	0.30984363	0.30834634	2.5547457
160	0.30723523	0.303462346	2.457457
161	0.30235236	0.31236346	2.4444623
162	0.30043174	0.3111212	2.1241241
163	0.298224695	0.316641189	2.02352352
164	0.29601765	0.30236236	1.99346346
165	0.3125235	0.307634	1.96235235
166	0.3124124	0.30893623	1.94235235
167	0.3124124	0.30623623	1.87346235
168	0.3152352	0.301562362	1.8623523
169	0.3143634	0.298346346	1.831412
170	0.31734623	0.310235235	1.81241241
171	0.309823523	0.303621001	1.7734634
172	0.309773463	0.303029032	1.75723623
173	0.30723523	0.307634	1.73232362
174	0.31025235	0.30893623	1.7023523
175	0.308958204	0.30623623	1.692352352
176	0.308833028	0.30353623	1.6723523
177	0.308707853	0.30083623	1.65252352
178	0.308582678	0.30934634	1.623263463
179	0.3063252	0.30125125	1.600235623
180	0.31221241	0.30235325	1.5923523
181	0.3152352	0.30125235	1.58235235
182	0.317452707	0.301616116	1.583512523
183	0.3102523	0.301102479	1.584236362
184	0.309235235	0.300588843	1.572362362
185	0.3012252	0.300075207	1.58856723
186	0.29999235	0.299561571	1.5846437
187	0.30235235	0.299047935	1.5723523
188	0.3023636	0.298534299	1.5823636
189	0.30120896	0.298020663	1.582362362
190	0.300119102	0.297507026	1.57936463
191	0.299029243	0.29699339	1.5832523
192	0.297939385	0.296479754	1.5723525
