1	1.59619125	2.2523523
2	1.42767225	2.124125
3	1.418942875	1.934523
4	1.395266125	1.9852352
5	1.362723125	1.72352
6	1.351382125	1.623626
7	1.34962525	1.531241
8	1.338705125	1.497347
9	1.326432375	1.4426346
10	1.3129385	1.4235235
11	1.307565875	1.402352
12	1.298335125	1.385235
13	1.289377625	1.3253252
14	1.27534475	1.300124124
15	1.27566425	1.124124
16	1.2745685	0.9623512
17	1.268760875	0.953236
18	1.26438825	0.94236236
19	1.26230975	0.92412512
20	1.260547875	0.861251
21	1.25498875	0.8125151
22	1.253157125	0.783523
23	1.24166125	0.78523523
24	1.2102235	0.7723523
25	1.18214124	0.7352352
26	1.1812424	0.71241124
27	1.1802124	0.623523
28	1.1692423	0.6952352
29	1.1512523	0.6124124
30	1.13235235	0.5523523
31	1.1312412	0.532352
32	1.095235	0.4823523
33	1.063623	0.4723523
34	1.062323	0.46235235
35	1.0452533	0.4235235
36	1.03235235	0.4123623
37	1.02412412	0.3923523
38	1.01241241	0.37235236
39	0.995235	0.36236236
40	0.99124124	0.36125135
41	0.9812412	0.360235235
42	0.8923523	0.36012412
43	0.8912412	0.35723523
44	0.862352352	0.356236236
45	0.812124124	0.35523623
46	0.768035813	0.354923623
47	0.676110875	0.354823523
48	0.628345375	0.35323623
49	0.5867815	0.353212412
50	0.57417425	0.352523523
51	0.564473625	0.35125125
52	0.540435438	0.35235235
53	0.5330895	0.354643634
54	0.523663375	0.352526344
55	0.518975281	0.349938031
56	0.511987688	0.350869688
57	0.505416938	0.3534734
58	0.498454688	0.349468781
59	0.493286344	0.35124675
60	0.490396156	0.350235531
61	0.485504219	0.349092625
62	0.485181406	0.352362346
63	0.483425406	0.345366688
64	0.479526656	0.344167719
65	0.477879125	0.343976688
66	0.473491375	0.343336969
67	0.469431031	0.3546346
68	0.466330188	0.342006406
69	0.465041156	0.342229406
70	0.463218594	0.340766094
71	0.46229225	0.341651125
72	0.459239719	0.342353281
73	0.4323523	0.3423623
74	0.401361594	0.304905156
75	0.407564844	0.315535094
76	0.394994563	0.318855125
77	0.386415281	0.31589275
78	0.391353969	0.3023523
79	0.387400438	0.325236523
80	0.38548575	0.31532352
81	0.388993281	0.30236235
82	0.39175625	0.30323523
83	0.3723523	0.31623623
84	0.3623523	0.30235235
85	0.39175625	0.315235235
86	0.3723523	0.301235235
87	0.3623523	0.312235235
88	0.3523623	0.30235235
89	0.342362362	0.301242352
90	0.3235235	0.2923623
91	0.312513512	0.2912512
92	0.302362362	0.290235235
93	0.301251235	0.3125125
